405
625
883
182
602
659
739
194
454
564
871
67
246
157
279
601
142
971
421
719
734
472
397
164
544
256
569
237
801
265
146
402
62
922
698
84
361
389
832
981
650
690
710
373
924
573
548
840
12
514
572
952
630
731
608
738
276
241
429
199
991
473
996
412
596
143
262
32
582
250
19
565
368
644
754
453
548
601
381
412
158
790
407
77
276
510
443
340
971
705
440
578
52
659
181
686
996
102
276
24
199
382
70
616
500
840
276
719
610
567
949
440
147
976
853
447
128
958
407
825
87
735
639
286
239
584
932
257
419
10
506
84
81
872
319
242
752
149
307
327
744
777
363
4
700
778
104
124
135
275
272
971
140
69
839
183
32
829
884
651
661
243
294
573
880
848
249
976
549
555
653
704
30
947
34
702
382
182
579
357
454
99
61
371
613
204
819
226
787
878
305
946
380
267
567
550
109
184
68
103
875
948
745
207
70
420
114
207
962
765
376
316
200
35
373
21
514
447
828
213
880
955
20
703
790
536
367
955
224
200
191
918
22
742
664
929
644
192
283
915
894
914
113
883
612
718
781
38
379
602
748
281
747
276
446
71
115
172
223
168
431
67
752
437
237
883
779
772
48
586
140
41
702
438
261
929
50
808
746
771
1000
92
534
844
293
86
860
966
131
474
202
219
939
782
444
897
980
786
275
432
790
85
394
507
126
617
895
453
190
922
418
428
670
562
320
453
83
74
458
742
189
855
333
102
728
9
454
271
480
885
226
98
431
776
330
389
20
340
484
802
915
474
241
209
370
480
471
405
321
9
532
544
885
575
843
801
926
582
512
54
165
916
930
652
191
457
506
833
936
249
997
48
348
718
291
179
655
5
455
285
885
385
569
896
16
292
606
117
220
705
193
649
92
121
737
676
117
727
125
818
124
244
34
638
919
594
270
830
560
164
643
488
946
442
294
979
485
228
831
423
275
56
367
105
895
983
595
471
358
509
336
925
690
493
731
265
645
62
470
551
554
299
427
814
167
998
950
806
281
611
800
843
169
342
510
711
138
402
962
679
843
342
250
22
680
389
938
33
6
125
683
475
405
616
455
625
310
973
33
182
526
176
4
239
52
133
894
525
522
333
386
922
32
793
218
406
546
450
258
395
241
864
467
566
662
355
789
798
544
200
140
849
792
32
811
981
504
935
355
817
601
774
377
651
178
73
341
517
606
663
178
202
972
463
101
912
263
987
333
339
753
105
502
732
24
972
698
156
511
633
53
391
683
482
615
45
921
721
852
170
517
163
697
332
216
489
373
221
858
30
411
869
139
115
347
803
470
465
730
695
48
524
450
511
751
361
189
189
849
709
217
209
591
22
419
37
118
914
617
813
136
855
172
407
207
20
739
820
311
77
519
850
922
919
469
905
276
433
385
706
122
40
867
563
515
291
235
436
125
59
406
662
719
74
610
393
835
783
895
803
788
327
748
881
448
472
598
398
686
733
19
671
549
479
167
107
334
571
175
323
778
168
446
650
288
851
301
62
714
441
223
936
720
274
35
356
923
247
863
367
744
777
531
284
564
486
345
65
854
407
16
351
289
425
4
388
72
418
7
968
821
935
392
35
967
60
163
708
531
957
610
373
90
509
149
730
543
151
153
463
911
156
473
503
324
151
431
429
546
278
641
875
394
998
134
147
27
853
729
348
313
847
382
391
486
801
806
227
367
410
575
735
161
877
112
540
78
213
91
121
385
214
495
163
962
587
112
209
216
377
596
412
745
336
705
869
714
109
529
866
29
424
475
514
115
812
268
546
790
6
75
844
862
75
724
122
494
524
236
280
442
615
471
590
647
995
222
821
457
251
270
739
297
493
826
45
149
988
317
154
358
670
196
353
379
652
319
385
160
136
889
101
441
259
799
430
566
114
576
262
522
985
938
743
500
882
822
258
791
334
670
126
460
3
719
747
213
445
676
841
401
807
609
869
840
924
427
777
958
905
474
388
209
460
367
957
600
600
675
149
99
162
142
24
73
250
20
208
397
852
584
871
758
572
799
723
883
34
422
5
210
592
860
732
273
181
978
197
949
680
217
705
972
411
479
719
698
390
781
547
130
408
780
879
71
801
178
974
360
359
462
584
248
281
141
311
467
146
405
419
736
597
640
154
396
837
468
956
358
567
591
264
681
153
769
755
821
967
123
681
417
373
272
180
760
313
68
75
404
325
45
825
730
506
939
832
376
86
354
418
305
805
800
193
512
253
498
82
251
617
463
545
600
294
619
359
487
603
351
635
